[{"id": 0, "img_name": "0000", "width": 456, "height": 530, "position": [-3.7036571911897864, 0.15332968518403928, 3.808876209040651], "rotation": [[-0.19304406945630526, -0.223654870982961, 0.9553598724738986], [0.22900105853609723, 0.9365146820147228, 0.2655160363522507], [-0.954092502033789, 0.2700347182427804, -0.1295714031198474]], "fy": 581.4086794264691, "fx": 592.3948274749496}, {"id": 1, "img_name": "0001", "width": 456, "height": 530, "position": [0.8376036150592562, -2.0318774637985264, -0.5669032517673126], "rotation": [[0.9744407192948961, -0.18414681482542228, 0.12866714875871443], [0.04301294638682173, 0.7151029556803129, 0.6976945242872447], [-0.2204884827449495, -0.6743276009232692, 0.7047461355764203]], "fy": 581.4086794264691, "fx": 592.3948274749496}, {"id": 2, "img_name": "0002", "width": 456, "height": 530, "position": [-3.156949886053718, 0.9719754935034789, 0.5666887857303509], "rotation": [[0.443849379202576, -0.20663522775024248, 0.8719516106035318], [0.2184398027978021, 0.9686462410778935, 0.11835756080337603], [-0.8690694915454948, 0.13793600798295189, 0.47507039117017374]], "fy": 581.4086794264691, "fx": 592.3948274749496}, {"id": 3, "img_name": "0003", "width": 456, "height": 530, "position": [3.6972407650062404, -1.4158050940653333, -0.39842374083085236], "rotation": [[0.7319757174882964, 0.5147581586641413, -0.4463581377058075], [-0.20074428503943034, 0.7889854800894814, 0.5806923834802541], [0.6510862316402504, -0.335448878812664, 0.6808529714055925]], "fy": 581.4086794264691, "fx": 592.3948274749496}, {"id": 4, "img_name": "0004", "width": 456, "height": 530, "position": [0.40222914084089684, -2.0755860644254054, -0.42208803845743414], "rotation": [[0.9169142421537514, -0.3385192919107879, 0.2113597916819332], [0.09631766262562655, 0.7016666321668392, 0.7059651869391164], [-0.3872869484012435, -0.6269518532613683, 0.6759735152283619]], "fy": 581.4086794264691, "fx": 592.3948274749496}, {"id": 5, "img_name": "0005", "width": 456, "height": 530, "position": [-2.906177178246016, 1.0504432381455333, 0.13040374303347546], "rotation": [[0.5303768256332559, -0.19970472130911815, 0.8239043919764223], [0.20475414197997283, 0.973262041116326, 0.1040996669741443], [-0.8226640652011217, 0.11348578593343783, 0.5570860007376186]], "fy": 581.4086794264691, "fx": 592.3948274749496}, {"id": 6, "img_name": "0006", "width": 456, "height": 530, "position": [5.450015245877088, -1.0166533780379496, 0.9218858785441365], "rotation": [[0.32658712079840513, 0.5677233444069542, -0.7556659690259916], [-0.27412514803251653, 0.8220350271241738, 0.49911303068253976], [0.904542014361278, 0.04414315797880826, 0.4240932985309945]], "fy": 581.4086794264691, "fx": 592.3948274749496}, {"id": 7, "img_name": "0007", "width": 456, "height": 530, "position": [-3.5169062305897545, 0.6352861965328109, 3.2770559769841805], "rotation": [[-0.040516850518261024, -0.20586352234004904, 0.977741578840661], [0.08866986794629986, 0.9739435282623048, 0.20873825302123872], [-0.9952366750388907, 0.09515363327651269, -0.02120723300697924]], "fy": 581.4086794264691, "fx": 592.3948274749496}, {"id": 8, "img_name": "0008", "width": 456, "height": 530, "position": [3.9463272536655647, -2.4832800027631414, 1.1403828947847494], "rotation": [[0.3028252187114762, 0.8271322711920192, -0.4734438645342006], [-0.26419607329693107, 0.5501561157640408, 0.7921670803194905], [0.9156949938526634, -0.11480615941732125, 0.38512624422780567]], "fy": 581.4086794264691, "fx": 592.3948274749496}, {"id": 9, "img_name": "0009", "width": 456, "height": 530, "position": [2.0298652123688137, 1.7233916657656814, -2.11078047422646], "rotation": [[0.9944950619839645, 0.025461290286914972, -0.10164297509634386], [-0.027945570556027973, 0.9993426775661969, -0.023092377121524465], [0.10098820117126847, 0.025805725948907034, 0.9945528883535762]], "fy": 581.4086794264691, "fx": 592.3948274749496}, {"id": 10, "img_name": "0010", "width": 456, "height": 530, "position": [-2.25998320628252, -0.6377691995036767, 0.8434440983094907], "rotation": [[0.5375058651717244, -0.3906389089475483, 0.7473210071463703], [-0.012477875929990825, 0.8824469349637215, 0.47024643495236507], [-0.843167686476582, -0.2620851956700382, 0.469446059406537]], "fy": 581.4086794264691, "fx": 592.3948274749496}, {"id": 11, "img_name": "0011", "width": 456, "height": 530, "position": [-1.751242005071883, -0.6558627682193288, -0.483326444558824], "rotation": [[0.6653273752017965, -0.4326316458818059, 0.6084154360210526], [0.19057842481497358, 0.8863912387896964, 0.4218891273686852], [-0.7218166995866272, -0.1647435303083762, 0.6721906139030817]], "fy": 581.4086794264691, "fx": 592.3948274749496}, {"id": 12, "img_name": "0012", "width": 456, "height": 530, "position": [4.707806402561682, -0.6983756873274123, -0.30039933934765906], "rotation": [[0.6367049935518604, 0.4667483964396591, -0.6138018292634296], [-0.215341443005587, 0.8719577204393891, 0.43967919747290296], [0.7404288042144208, -0.1477689689588159, 0.6556901079797159]], "fy": 581.4086794264691, "fx": 592.3948274749496}, {"id": 13, "img_name": "0013", "width": 456, "height": 530, "position": [4.646956560258459, 0.49184863231650355, -0.774979187460889], "rotation": [[0.7220674176318179, 0.29339388046402914, -0.6265290697970659], [-0.20523715371243614, 0.9556960345434178, 0.21100426605640957], [0.6606787079439866, -0.023772262497398656, 0.7502922926468186]], "fy": 581.4086794264691, "fx": 592.3948274749496}, {"id": 14, "img_name": "0014", "width": 456, "height": 530, "position": [-3.282771700939022, 0.7532254002792801, 1.7078787628828567], "rotation": [[0.28649283113636714, -0.19140597446082824, 0.9387681346574189], [0.04536295134171244, 0.9814517725322978, 0.18626492111715534], [-0.9570078684906609, -0.01077827137863125, 0.2898616368425634]], "fy": 581.4086794264691, "fx": 592.3948274749496}, {"id": 15, "img_name": "0015", "width": 456, "height": 530, "position": [1.287169702947364, -0.8298814386396909, -1.4323694256934045], "rotation": [[0.9786856109612829, 0.20461218245245943, 0.01755931916054945], [-0.18873880849753813, 0.8624598441390559, 0.4696175884851049], [0.08094527203160286, -0.4629221014810992, 0.8826952990109624]], "fy": 581.4086794264691, "fx": 592.3948274749496}, {"id": 16, "img_name": "0016", "width": 456, "height": 530, "position": [5.529384204858146, -1.0974465989493745, 1.1752950721030235], "rotation": [[0.25993440214583424, 0.5820256096173239, -0.7705065193304144], [-0.2860081703109312, 0.8085357318246842, 0.5142657842770755], [0.9222979090817026, 0.08669579062621588, 0.376630331746149]], "fy": 581.4086794264691, "fx": 592.3948274749496}, {"id": 17, "img_name": "0017", "width": 456, "height": 530, "position": [-2.6102532615887166, 1.1869993300233947, -0.27641450161830944], "rotation": [[0.6120996567164692, -0.18290502820476878, 0.7693372218377279], [0.19359016618484245, 0.9779389426527456, 0.07847465832837362], [-0.7667182388622993, 0.10090180920401104, 0.6340047058936169]], "fy": 581.4086794264691, "fx": 592.3948274749496}, {"id": 18, "img_name": "0018", "width": 456, "height": 530, "position": [5.1357251976710705, -0.6938492625471188, 0.15825125981831747], "rotation": [[0.5199235274783375, 0.4934521400467473, -0.6972693246212451], [-0.2393250153880652, 0.8677271656479493, 0.435629547902893], [0.8200018674271327, -0.05962005937486011, 0.5692472098624229]], "fy": 581.4086794264691, "fx": 592.3948274749496}, {"id": 19, "img_name": "0019", "width": 456, "height": 530, "position": [-3.6773312418170603, 0.5627845262399997, 2.178319908798357], "rotation": [[0.1240515458803009, -0.22778714765462735, 0.9657764903579275], [0.23460816793746683, 0.9524320678998223, 0.19450491914883145], [-0.9641422205783401, 0.20245041713821463, 0.1715913957598981]], "fy": 581.4086794264691, "fx": 592.3948274749496}, {"id": 20, "img_name": "0020", "width": 456, "height": 530, "position": [-3.6514844863190903, 0.07139922349499313, 4.044473795364505], "rotation": [[-0.240183253091891, -0.22598407168330759, 0.9440567802201466], [0.22696282924609215, 0.9324963645059041, 0.28095979129384513], [-0.9438219530583117, 0.28174763446869516, -0.1726800260495946]], "fy": 581.4086794264691, "fx": 592.3948274749496}, {"id": 21, "img_name": "0021", "width": 456, "height": 530, "position": [0.19800182589860243, -0.32146218637334584, -1.623110902013981], "rotation": [[0.9534750622189705, -0.17333131531809698, 0.24666082148697385], [0.07450454794267561, 0.9282889884029419, 0.36431940154993114], [-0.29212048552333314, -0.3289921110603427, 0.8980143722667646]], "fy": 581.4086794264691, "fx": 592.3948274749496}, {"id": 22, "img_name": "0022", "width": 456, "height": 530, "position": [-2.8524435224403297, -1.4865766564001786, 2.5213002836648286], "rotation": [[-0.03615013642252334, -0.5860658910868969, 0.8094565701389752], [0.23475233556978897, 0.7823410153823067, 0.5769175648176353], [-0.9713827816989354, 0.2108774690551429, 0.10929860229543295]], "fy": 581.4086794264691, "fx": 592.3948274749496}, {"id": 23, "img_name": "0023", "width": 456, "height": 530, "position": [-2.2539183970565952, 0.6910985739058836, -0.048803932249690575], "rotation": [[0.6593167493692609, -0.13635898576600544, 0.7393968156558544], [-0.024098869754229375, 0.979078713980254, 0.20204978670451654], [-0.7514789873826945, -0.15103343613795672, 0.6422368976403038]], "fy": 581.4086794264691, "fx": 592.3948274749496}, {"id": 24, "img_name": "0024", "width": 456, "height": 530, "position": [-2.5986504024351933, -1.0654228982693514, 0.9613697246445944], "rotation": [[0.33149426369974705, -0.5491201010098951, 0.7671888084435574], [0.22599486748782427, 0.8357101281342834, 0.5005146367519542], [-0.9159901052977174, 0.0074630021213081005, 0.40113143805492735]], "fy": 581.4086794264691, "fx": 592.3948274749496}, {"id": 25, "img_name": "0025", "width": 456, "height": 530, "position": [-3.594856788189608, 0.6887414580147316, 1.6932415316682028], "rotation": [[0.21852231978058517, -0.22397636294533785, 0.9497802822755851], [0.2381894230633477, 0.956106073559033, 0.17066626744696395], [-0.9463159062905266, 0.18893322880136082, 0.26227931782020375]], "fy": 581.4086794264691, "fx": 592.3948274749496}, {"id": 26, "img_name": "0026", "width": 456, "height": 530, "position": [1.7887743336482402, 1.7390745529287759, -2.1190696080163414], "rotation": [[0.9983218303528099, 0.015400044905289016, -0.0558243822888381], [-0.01688718399802111, 0.9995123287656384, -0.026266474108777894], [0.05539265346264105, 0.027165111124477323, 0.9980950409054054]], "fy": 581.4086794264691, "fx": 592.3948274749496}, {"id": 27, "img_name": "0027", "width": 456, "height": 530, "position": [4.06217599131119, -1.5965466305157805, 0.051014128845616104], "rotation": [[0.6246568807034122, 0.5860349580993908, -0.5161073621595881], [-0.20539471359098957, 0.760943263964204, 0.615449722281503], [0.7534034729271949, -0.27843917991717526, 0.5956969280332847]], "fy": 581.4086794264691, "fx": 592.3948274749496}, {"id": 28, "img_name": "0028", "width": 456, "height": 530, "position": [-3.141117872862883, 0.7457793353844829, 1.3241230376703879], "rotation": [[0.3664624495835464, -0.1883100828326793, 0.9111775818954152], [0.03669752563601825, 0.9814683373700689, 0.18807762852669654], [-0.9297088601586092, -0.035485425791185375, 0.366581805193599]], "fy": 581.4086794264691, "fx": 592.3948274749496}, {"id": 29, "img_name": "0029", "width": 456, "height": 530, "position": [-0.1382118626727063, 1.3236322190452066, -1.8580366940329673], "rotation": [[0.9485544215682132, 0.10429545180013376, 0.29894308497973043], [-0.12542416363455966, 0.9907221104480454, 0.05233047912968627], [-0.2907116930912197, -0.08713299376916481, 0.9528350082238054]], "fy": 581.4086794264691, "fx": 592.3948274749496}, {"id": 30, "img_name": "0030", "width": 456, "height": 530, "position": [-0.7537171611270176, -0.6734995384328082, -0.819861607138435], "rotation": [[0.9001900450538884, -0.08130431381493655, 0.4278404975466451], [-0.13722247195483267, 0.8794200378783948, 0.4558403121363526], [-0.4133132903458146, -0.4690522417951379, 0.7804883845967674]], "fy": 581.4086794264691, "fx": 592.3948274749496}, {"id": 31, "img_name": "0031", "width": 456, "height": 530, "position": [-3.2108158734912156, 0.7623112816386882, 1.5157482926370502], "rotation": [[0.3269280999723897, -0.18846121668095595, 0.9260671613093605], [0.042209374327207706, 0.981848227043871, 0.1849119459897418], [-0.9441061307752157, -0.021364195700781994, 0.3289486053697596]], "fy": 581.4086794264691, "fx": 592.3948274749496}, {"id": 32, "img_name": "0032", "width": 456, "height": 530, "position": [-2.753300913335662, 1.1063161372835302, -0.09097968462335503], "rotation": [[0.5743927452026855, -0.19356345689111495, 0.7953654269673054], [0.19906664425889053, 0.9755018067618146, 0.09364131645774473], [-0.7940059479638846, 0.10454383368136376, 0.598853188550563]], "fy": 581.4086794264691, "fx": 592.3948274749496}, {"id": 33, "img_name": "0033", "width": 456, "height": 530, "position": [2.2523383860450705, 1.0286514392233606, -1.9987282978865433], "rotation": [[0.9654107240703402, 0.20021669581777857, -0.16701918622060374], [-0.18390722875127438, 0.9769771254978387, 0.10813800195586674], [0.18482495790073375, -0.07368155108160888, 0.9800054918046124]], "fy": 581.4086794264691, "fx": 592.3948274749496}, {"id": 34, "img_name": "0034", "width": 456, "height": 530, "position": [6.349749499005688, 0.7033119493767044, 1.3917061938997202], "rotation": [[0.2855895355527659, 0.2439272892407036, -0.9267891317589118], [-0.258918762281977, 0.9507414531064837, 0.17044577989302284], [0.9227132229035868, 0.19128556377482825, 0.3346791618404432]], "fy": 581.4086794264691, "fx": 592.3948274749496}, {"id": 35, "img_name": "0035", "width": 456, "height": 530, "position": [4.959133288486634, 1.357721712523393, -0.7986549041321469], "rotation": [[0.7311632746047098, 0.165497826708429, -0.661823794694709], [-0.18089129041540297, 0.982434820843386, 0.045827544624107014], [0.6577831002094597, 0.08621074265548911, 0.7482573761277739]], "fy": 581.4086794264691, "fx": 592.3948274749496}, {"id": 36, "img_name": "0036", "width": 456, "height": 530, "position": [-3.7625402964043, 0.3407547000047082, 3.124743760184961], "rotation": [[-0.06035936619795067, -0.2248643515493834, 0.9725187763300291], [0.23254681010618825, 0.9443182233300308, 0.2327768764208566], [-0.9707104243911354, 0.2402064039302234, -0.004706961789969827]], "fy": 581.4086794264691, "fx": 592.3948274749496}, {"id": 37, "img_name": "0037", "width": 456, "height": 530, "position": [0.3256747614486876, 1.37456286109785, -1.9626437334680713], "rotation": [[0.9702586573032239, 0.12500705874491308, 0.2072953766780414], [-0.13639595306819327, 0.9897834194777996, 0.04153223463110894], [-0.19998570427599177, -0.06857126067661382, 0.9773963885212873]], "fy": 581.4086794264691, "fx": 592.3948274749496}, {"id": 38, "img_name": "0038", "width": 456, "height": 530, "position": [-2.8894189257406393, -0.8064649034978559, 2.6468345357129293], "rotation": [[0.055357914529151286, -0.5044761817852055, 0.8616491648637531], [0.11117141732749092, 0.8607208190148776, 0.49679028541604464], [-0.9922582412196835, 0.06828948473797841, 0.10373104166950893]], "fy": 581.4086794264691, "fx": 592.3948274749496}, {"id": 39, "img_name": "0039", "width": 456, "height": 530, "position": [-3.5318995835302522, 0.5887574551528149, 3.701477049482219], "rotation": [[-0.12636221445638499, -0.20303561697047304, 0.9709835884293292], [0.092880022365826, 0.972108134889821, 0.21535801709329758], [-0.9876263930267365, 0.11739809335101131, -0.1039797839704672]], "fy": 581.4086794264691, "fx": 592.3948274749496}, {"id": 40, "img_name": "0040", "width": 456, "height": 530, "position": [-3.7508737864391937, 0.38390926992192875, 2.8891161616267262], "rotation": [[-0.01358127318665038, -0.22885974551008503, 0.9733646623458695], [0.22786095960521316, 0.9471332822540421, 0.2258714872100424], [-0.9735989585586154, 0.22485942838080875, 0.03928492537647187]], "fy": 581.4086794264691, "fx": 592.3948274749496}, {"id": 41, "img_name": "0041", "width": 456, "height": 530, "position": [6.2930644052706946, 0.7705024279576562, 1.1929078299496327], "rotation": [[0.3255287037215421, 0.23801876071439773, -0.9150836751911567], [-0.25475045823666154, 0.954087723325334, 0.15753990043189556], [0.9105675521791797, 0.18183422600781987, 0.37121832817164846]], "fy": 581.4086794264691, "fx": 592.3948274749496}, {"id": 42, "img_name": "0042", "width": 456, "height": 530, "position": [4.291818812371734, 0.5686763354837586, -1.0762982021797785], "rotation": [[0.7809440272103776, 0.2804810862593798, -0.5580831359351359], [-0.2037999961962788, 0.9590276034193459, 0.19680349953733722], [0.5904167916945062, -0.03995517651699577, 0.8061089231330105]], "fy": 581.4086794264691, "fx": 592.3948274749496}, {"id": 43, "img_name": "0043", "width": 456, "height": 530, "position": [-2.5756696054217163, -0.6918807733676743, 1.440403924316123], "rotation": [[0.37271616802759394, -0.45999470550766325, 0.8059078911362912], [0.0457688125158488, 0.8765421732214103, 0.47914406431174383], [-0.9268159870717138, -0.14169929240898016, 0.3477548513523268]], "fy": 581.4086794264691, "fx": 592.3948274749496}, {"id": 44, "img_name": "0044", "width": 456, "height": 530, "position": [-2.7679329747450008, -1.203662899756748, 1.5562072292272275], "rotation": [[0.1912286030732426, -0.5703923324796686, 0.7988017328568203], [0.23556453062835733, 0.8167055914946556, 0.526783948816976], [-0.9528593669983507, 0.08743319661185861, 0.2905416714582165]], "fy": 581.4086794264691, "fx": 592.3948274749496}, {"id": 45, "img_name": "0045", "width": 456, "height": 530, "position": [5.8179128581792625, 1.0576463957722197, 0.2057096741690975], "rotation": [[0.5274084326922002, 0.20731301925969922, -0.8239306142938158], [-0.22131664597342587, 0.9698159342128188, 0.10235231292936696], [0.8202800054494991, 0.1283680871258327, 0.5573709239522855]], "fy": 581.4086794264691, "fx": 592.3948274749496}, {"id": 46, "img_name": "0046", "width": 456, "height": 530, "position": [-0.6053671226712606, 1.5006687080891215, -1.7758460378947312], "rotation": [[0.9135731204745804, -0.09843393589816231, 0.3945819481551765], [0.09827678004762042, 0.9949445767583003, 0.02066309954287556], [-0.3946211196195783, 0.01990099100154614, 0.9186283919558261]], "fy": 581.4086794264691, "fx": 592.3948274749496}, {"id": 47, "img_name": "0047", "width": 456, "height": 530, "position": [-2.0477541892750017, 0.5673533785570777, -0.15209942365140272], "rotation": [[0.6943814059879752, -0.13420268380623696, 0.7069823920561007], [-0.04853360395026863, 0.971485045118325, 0.2320803662506684], [-0.7179686290540563, -0.1954646944352077, 0.668067811620639]], "fy": 581.4086794264691, "fx": 592.3948274749496}, {"id": 48, "img_name": "0048", "width": 456, "height": 530, "position": [-1.5003857573399828, 0.4973782863815872, -0.7568387881815827], "rotation": [[0.8010476534258157, -0.05327206524986274, 0.5962254137530608], [-0.11377517497058308, 0.96432552920341, 0.23902193055654208], [-0.5876885795226988, -0.259303607361289, 0.7664096637621522]], "fy": 581.4086794264691, "fx": 592.3948274749496}, {"id": 49, "img_name": "0049", "width": 456, "height": 530, "position": [5.3893922051887415, -0.8929197921303016, 0.7209584961482526], "rotation": [[0.38603863606611016, 0.5409514718123178, -0.7472253185005874], [-0.25606735532889285, 0.8410215298090922, 0.47656300310918037], [0.8862300384206596, 0.0073682794233976105, 0.4631868170179878]], "fy": 581.4086794264691, "fx": 592.3948274749496}, {"id": 50, "img_name": "0050", "width": 456, "height": 530, "position": [-1.3671267016131652, -0.7534099312544554, -0.17897062975146671], "rotation": [[0.7987017124565583, -0.21641142052248494, 0.5614638648981793], [-0.10848018347446159, 0.8660121410294824, 0.488113738162407], [-0.5918679112034273, -0.45076498162232154, 0.6682090294441703]], "fy": 581.4086794264691, "fx": 592.3948274749496}, {"id": 51, "img_name": "0051", "width": 456, "height": 530, "position": [-2.899724707185388, 0.7666308093689146, 0.8501534809835122], "rotation": [[0.4677537055348146, -0.1704870621024442, 0.8672604179911171], [0.015247585659778733, 0.9826309556860922, 0.18494300759689536], [-0.8837273233809158, -0.07328414960354611, 0.4622287867786768]], "fy": 581.4086794264691, "fx": 592.3948274749496}, {"id": 52, "img_name": "0052", "width": 456, "height": 530, "position": [5.920878157297669, 1.0000954267764668, 0.4074845000234968], "rotation": [[0.48675547372497935, 0.21701032213768337, -0.8461534310540081], [-0.23210585089229174, 0.9659614035222348, 0.1142166401489701], [0.842137745728296, 0.1408015873172352, 0.5205563660436887]], "fy": 581.4086794264691, "fx": 592.3948274749496}, {"id": 53, "img_name": "0053", "width": 456, "height": 530, "position": [-2.853433347709892, -0.7578030532747857, 2.388679980905701], "rotation": [[0.12245343979940665, -0.4989245063625708, 0.8579507515190822], [0.10075373893120286, 0.86623966943156, 0.48936440327682645], [-0.9873468687207531, 0.026517391537751487, 0.15634253667302922]], "fy": 581.4086794264691, "fx": 592.3948274749496}, {"id": 54, "img_name": "0054", "width": 456, "height": 530, "position": [-2.1527232406545527, -0.8552524357046944, 0.07979038003521807], "rotation": [[0.5406397504616131, -0.4905697590768375, 0.683410544036378], [0.20227056773449828, 0.8643425382818031, 0.4604330504480901], [-0.8165753349502839, -0.11069457076055411, 0.5665257578918792]], "fy": 581.4086794264691, "fx": 592.3948274749496}, {"id": 55, "img_name": "0055", "width": 456, "height": 530, "position": [0.35169973959748635, 1.5967009361483413, -2.0563644643624612], "rotation": [[0.9747880432537741, -0.055708762336850445, 0.21606666686088952], [0.0565187400663477, 0.9983985732323558, 0.002433308223089488], [-0.21585620850647524, 0.009839856019894035, 0.9763755806464625]], "fy": 581.4086794264691, "fx": 592.3948274749496}, {"id": 56, "img_name": "0056", "width": 456, "height": 530, "position": [0.6381660348805226, 1.287542273000029, -2.0219726906713147], "rotation": [[0.980624894136077, 0.1308335879875888, 0.14579914010343795], [-0.14061938646128896, 0.9883088079488974, 0.05892273145298123], [-0.1363855019855804, -0.07828328292121715, 0.9875579590399837]], "fy": 581.4086794264691, "fx": 592.3948274749496}, {"id": 57, "img_name": "0057", "width": 456, "height": 530, "position": [2.857061082183048, -2.02211150847148, -0.38552704303917784], "rotation": [[0.8655378634294721, 0.4282039915211655, -0.25977980794373867], [-0.1413846853171927, 0.7064871412791758, 0.6934596527303782], [0.4804732851342544, -0.563486699800909, 0.672032857395959]], "fy": 581.4086794264691, "fx": 592.3948274749496}, {"id": 58, "img_name": "0058", "width": 456, "height": 530, "position": [2.9928698736197132, 0.8883157147179742, -1.785742159538687], "rotation": [[0.9231599885471583, 0.22780589148528982, -0.3096451377790434], [-0.19438291192422247, 0.9715567140981495, 0.13525100680832872], [0.33164878877733045, -0.06466859435150084, 0.9411838576001667]], "fy": 581.4086794264691, "fx": 592.3948274749496}, {"id": 59, "img_name": "0059", "width": 456, "height": 530, "position": [3.501979928519424, -2.1759515762156028, 0.19848678875527867], "rotation": [[0.6378177306480931, 0.6669112983263424, -0.3852503895333381], [-0.23367552755804552, 0.6441910956998353, 0.728294981474893], [0.73388302221225, -0.37449586431056603, 0.5667173522338067]], "fy": 581.4086794264691, "fx": 592.3948274749496}, {"id": 60, "img_name": "0060", "width": 456, "height": 530, "position": [1.897707371004654, -1.0195230857392255, -1.3377263935775798], "rotation": [[0.9508541333798082, 0.2931983428155419, -0.09955475279841787], [-0.20614203970102743, 0.8393278765053129, 0.5030250244162631], [0.2310451828159033, -0.4577810038558852, 0.8585188850609309]], "fy": 581.4086794264691, "fx": 592.3948274749496}, {"id": 61, "img_name": "0061", "width": 456, "height": 530, "position": [-1.617642493657765, 0.4530446782930522, -0.5176333635021667], "rotation": [[0.773043393803199, -0.08294050763307081, 0.6289076112520825], [-0.10475940349991103, 0.961111271455992, 0.25552023649525185], [-0.6256431720042782, -0.2634122170170077, 0.7342919210032275]], "fy": 581.4086794264691, "fx": 592.3948274749496}, {"id": 62, "img_name": "0062", "width": 456, "height": 530, "position": [3.8734880316461675, -0.4152014002460164, -1.0734168618375999], "rotation": [[0.8287324850315361, 0.3253552558270754, -0.4553530781263623], [-0.1460345351651048, 0.9111767795408101, 0.3852671682933153], [0.5402558493830183, -0.2527861426805993, 0.8026349003601183]], "fy": 581.4086794264691, "fx": 592.3948274749496}, {"id": 63, "img_name": "0063", "width": 456, "height": 530, "position": [4.003525977098552, 1.5284496081567691, -1.498738118066869], "rotation": [[0.8698711386024855, 0.12480727076286498, -0.4772288207884562], [-0.13482041536588382, 0.9907798552428104, 0.013369145283303043], [0.4744972685137249, 0.052710754213541725, 0.878677368869401]], "fy": 581.4086794264691, "fx": 592.3948274749496}, {"id": 64, "img_name": "0064", "width": 456, "height": 530, "position": [3.6579921612357595, -2.32450710234697, 0.5837747704707045], "rotation": [[0.4867099482926498, 0.7676853257494811, -0.41686048848731067], [-0.272727590634769, 0.586877694094235, 0.7623609600977659], [0.8298994442337698, -0.2573593068135414, 0.4950081814040386]], "fy": 581.4086794264691, "fx": 592.3948274749496}, {"id": 65, "img_name": "0065", "width": 456, "height": 530, "position": [4.923760395806277, -0.6839498251651881, -0.08237423261622188], "rotation": [[0.581153450672967, 0.4806335469299727, -0.6566978455396492], [-0.22741817512435233, 0.8707265369109236, 0.4360232465617167], [0.7813716403824832, -0.1040513886722508, 0.615330535664665]], "fy": 581.4086794264691, "fx": 592.3948274749496}, {"id": 66, "img_name": "0066", "width": 456, "height": 530, "position": [-2.7443179737071492, -0.7034695993909783, 1.8897482745210632], "rotation": [[0.24982108335338965, -0.4842463929845603, 0.8385075176726693], [0.08009452933013891, 0.8733323279293668, 0.48049506903282246], [-0.9649737264213583, -0.052877933723965875, 0.256962315216768]], "fy": 581.4086794264691, "fx": 592.3948274749496}, {"id": 67, "img_name": "0067", "width": 456, "height": 530, "position": [3.780395367404894, 1.5817007894391415, -1.6171265408892976], "rotation": [[0.8937148585241415, 0.11281528759374286, -0.4342193714452577], [-0.12387226585241673, 0.9922940662366715, 0.0028544463702107805], [0.43119533091832263, 0.05123667628401859, 0.9008026363180809]], "fy": 581.4086794264691, "fx": 592.3948274749496}, {"id": 68, "img_name": "0068", "width": 456, "height": 530, "position": [-3.487845369356193, 0.701301906365853, 2.690953176222019], "rotation": [[0.08049103028516766, -0.20187548662599808, 0.9760980903286042], [0.075617484651294, 0.9776901724982272, 0.19596918792350446], [-0.9938828854843225, 0.058036320523470186, 0.09396060579547953]], "fy": 581.4086794264691, "fx": 592.3948274749496}, {"id": 69, "img_name": "0069", "width": 456, "height": 530, "position": [2.1002102397863083, -0.3502754294913797, -1.7106520679479464], "rotation": [[0.9898209307769753, 0.08477244669069664, -0.1143160412097758], [-0.036285993736083495, 0.9270189226383166, 0.37325493128568227], [0.13761486712701887, -0.3653074723470183, 0.9206587853233386]], "fy": 581.4086794264691, "fx": 592.3948274749496}, {"id": 70, "img_name": "0070", "width": 456, "height": 530, "position": [-0.6894593636613275, -0.46548588889611664, -1.2648139003219716], "rotation": [[0.8612603923580215, -0.29809041071888726, 0.4115490779879745], [0.12962838800183696, 0.9119583880043024, 0.3892664634574105], [-0.4913522337176784, -0.2819113434859254, 0.8240746184870692]], "fy": 581.4086794264691, "fx": 592.3948274749496}, {"id": 71, "img_name": "0071", "width": 456, "height": 530, "position": [-1.568201410064339, 0.5075218801203627, -0.6573405574298219], "rotation": [[0.7876429138962073, -0.06371219927840756, 0.6128290102893307], [-0.108462310268608, 0.9647685153163648, 0.23970323132042493], [-0.6065101544411999, -0.25526940184316144, 0.752982712313069]], "fy": 581.4086794264691, "fx": 592.3948274749496}, {"id": 72, "img_name": "0072", "width": 456, "height": 530, "position": [-2.065996958168753, 1.3682695876931985, -0.8891038920865161], "rotation": [[0.7313133397686685, -0.1557054990697257, 0.6640305690522416], [0.1703772385743306, 0.9844317422601779, 0.04319422885497784], [-0.6604183489669118, 0.08154717892139626, 0.7464567381689176]], "fy": 581.4086794264691, "fx": 592.3948274749496}, {"id": 73, "img_name": "0073", "width": 456, "height": 530, "position": [0.20731110954005316, -2.230870877871059, 0.06434723249313275], "rotation": [[0.9724344429124094, 0.017986341135187992, 0.2324817106144066], [-0.19333478341966534, 0.6195759113230902, 0.7607544621152303], [-0.13035687844415092, -0.7847306427308233, 0.6059743415373015]], "fy": 581.4086794264691, "fx": 592.3948274749496}, {"id": 74, "img_name": "0074", "width": 456, "height": 530, "position": [-3.363847656675563, 0.8697848854712276, 1.014509660806171], "rotation": [[0.3555381068295441, -0.21293770803033527, 0.9100825166383821], [0.2261928321585202, 0.9643615629583211, 0.1372719147119751], [-0.906878965062136, 0.157048745258827, 0.39103226764610727]], "fy": 581.4086794264691, "fx": 592.3948274749496}, {"id": 75, "img_name": "0075", "width": 456, "height": 530, "position": [-3.5048276753957333, 0.5666824218274581, 3.8891439853953873], "rotation": [[-0.16419479153318342, -0.20201583286707683, 0.965520415995641], [0.09638277237430383, 0.9708356852815266, 0.21951864015019734], [-0.981707915636223, 0.12910335183476052, -0.13993531692254266]], "fy": 581.4086794264691, "fx": 592.3948274749496}, {"id": 76, "img_name": "0076", "width": 456, "height": 530, "position": [-2.0127457786800025, -0.6265396118589269, 0.4535955394759802], "rotation": [[0.6339542286859874, -0.3385208267534739, 0.6953457311189155], [-0.03962700700168033, 0.8837109211242089, 0.4663525578378348], [-0.7723546699847443, -0.3232006462554597, 0.546817708210707]], "fy": 581.4086794264691, "fx": 592.3948274749496}, {"id": 77, "img_name": "0077", "width": 456, "height": 530, "position": [-2.475058047504076, 0.6934124586605698, 0.2242214615794356], "rotation": [[0.6019815858056277, -0.15392936143198316, 0.7835329744433759], [-0.011627548000074943, 0.97944999877814, 0.20135168243897986], [-0.7984253067622843, -0.1303205723692301, 0.5878210424431133]], "fy": 581.4086794264691, "fx": 592.3948274749496}, {"id": 78, "img_name": "0078", "width": 456, "height": 530, "position": [2.7695314840438456, 0.9383913800476343, -1.8589627039886032], "rotation": [[0.9391703735846996, 0.21589839573014083, -0.2671083901750888], [-0.18812984600448993, 0.9740504373554543, 0.12582887796517575], [0.2873432971605617, -0.06792369401615103, 0.9554162450827898]], "fy": 581.4086794264691, "fx": 592.3948274749496}, {"id": 79, "img_name": "0079", "width": 456, "height": 530, "position": [-2.915540231968001, -0.8558255268856486, 2.9140983599517116], "rotation": [[-0.012059474628587578, -0.5057935383907021, 0.8625702670472104], [0.12028095494900615, 0.8556354995909603, 0.5034087640439754], [-0.9926666413999404, 0.10982162064885469, 0.0505188152060344]], "fy": 581.4086794264691, "fx": 592.3948274749496}, {"id": 80, "img_name": "0080", "width": 456, "height": 530, "position": [4.082870208781213, 0.6371529058102019, -1.2410247610170853], "rotation": [[0.8112199523170264, 0.2729724535192983, -0.5171152952508908], [-0.2067869590258102, 0.9611268248916809, 0.18296005042220112], [0.5469564356871756, -0.04148814400875301, 0.8361324006203142]], "fy": 581.4086794264691, "fx": 592.3948274749496}, {"id": 81, "img_name": "0081", "width": 456, "height": 530, "position": [4.233154264061697, 1.9779367117744553, -0.6124106615496215], "rotation": [[0.8326328048834352, 0.08104857759810445, -0.5478628845808663], [-0.1877695087776556, 0.971955340535111, -0.141581875883441], [0.52102324689532, 0.2207576591527465, 0.8245003530139077]], "fy": 581.4086794264691, "fx": 592.3948274749496}, {"id": 82, "img_name": "0082", "width": 456, "height": 530, "position": [2.4243103941668194, -0.29208550091136715, -1.6555013803074952], "rotation": [[0.9754883697712753, 0.13057178953862297, -0.17712551543372065], [-0.0585040045594551, 0.929850051079753, 0.3632577101143043], [0.2121313788468998, -0.343991119483719, 0.9146968830300293]], "fy": 581.4086794264691, "fx": 592.3948274749496}, {"id": 83, "img_name": "0083", "width": 456, "height": 530, "position": [0.9164277088961014, 1.2554722124764925, -2.0480098367135224], "rotation": [[0.9853508630608485, 0.14390082942784135, 0.09152173487877048], [-0.1501279145741076, 0.9865133704825428, 0.06521486889354772], [-0.0809029414228561, -0.07799949454421153, 0.9936653324535266]], "fy": 581.4086794264691, "fx": 592.3948274749496}, {"id": 84, "img_name": "0084", "width": 456, "height": 530, "position": [-1.0338223357621206, 1.4742242219143342, -1.5813211032842966], "rotation": [[0.8726459046910346, -0.1176286548299947, 0.47397534175192235], [0.12015842155049594, 0.9924380886752099, 0.025071774512177944], [-0.4733403413575257, 0.035073347567378725, 0.8801811072353002]], "fy": 581.4086794264691, "fx": 592.3948274749496}, {"id": 85, "img_name": "0085", "width": 456, "height": 530, "position": [4.827644994034693, 0.43350183710839013, -0.6198875609055732], "rotation": [[0.6898851854190687, 0.2993650766637709, -0.6591198539062464], [-0.20257230359079856, 0.953947169852423, 0.22124479417258525], [0.6949984839963425, -0.019114078702538714, 0.718757093348051]], "fy": 581.4086794264691, "fx": 592.3948274749496}, {"id": 86, "img_name": "0086", "width": 456, "height": 530, "position": [-3.441207898122717, 0.7664526236646054, 1.2122835100696532], "rotation": [[0.31394147848882714, -0.2258702319547738, 0.9221840306581685], [0.23019834321979976, 0.9604172316094082, 0.15686766399287022], [-0.9211131694113968, 0.16303796964025724, 0.3535097588362647]], "fy": 581.4086794264691, "fx": 592.3948274749496}, {"id": 87, "img_name": "0087", "width": 456, "height": 530, "position": [-2.746117795539849, -1.7650496105193405, 3.4595870500862076], "rotation": [[-0.2567334796318703, -0.5694651816106437, 0.7808952089552527], [0.22453257215821326, 0.7507269757705487, 0.6212842601341375], [-0.9400388526418086, 0.33484087979749777, -0.06487326676150167]], "fy": 581.4086794264691, "fx": 592.3948274749496}, {"id": 88, "img_name": "0088", "width": 456, "height": 530, "position": [-2.3710669599685685, -0.6833770252929837, 1.0517476835685735], "rotation": [[0.4809017192622205, -0.4235728135199823, 0.7676715495948817], [0.008776726365435009, 0.8778450281264313, 0.47886436040700664], [-0.8767305774780224, -0.2235490510838094, 0.4258747659518954]], "fy": 581.4086794264691, "fx": 592.3948274749496}, {"id": 89, "img_name": "0089", "width": 456, "height": 530, "position": [-1.2289715084898283, -0.5664547511264423, -0.9395445263221115], "rotation": [[0.7772842941362621, -0.3681709194203908, 0.5101757542085246], [0.16023189881222266, 0.9000016149289277, 0.40536752673142384], [-0.608403537705134, -0.2333393820564074, 0.7585498454876987]], "fy": 581.4086794264691, "fx": 592.3948274749496}, {"id": 90, "img_name": "0090", "width": 456, "height": 530, "position": [0.8239084635517657, 1.6350325481161179, -2.129044785309233], "rotation": [[0.9913414659771561, -0.03363943294682302, 0.1269270908249265], [0.03454691044993001, 0.9993907969802349, -0.004954380846827284], [-0.12668310389561616, 0.009296422012101775, 0.9918996762400649]], "fy": 581.4086794264691, "fx": 592.3948274749496}, {"id": 91, "img_name": "0091", "width": 456, "height": 530, "position": [1.3429681682826407, -1.9918950394447237, -0.6880284330998897], "rotation": [[0.999241145896926, -0.023268121286529594, 0.031236627192989752], [-0.0045531149959077855, 0.7266836785115499, 0.6869571315073134], [-0.038683349007454335, -0.6865780552251273, 0.7260262891885179]], "fy": 581.4086794264691, "fx": 592.3948274749496}, {"id": 92, "img_name": "0092", "width": 456, "height": 530, "position": [1.2173671603648013, -2.504763250618337, 0.11914936347370941], "rotation": [[0.9434651109690001, 0.3299376548000214, 0.031854800726332136], [-0.2192327772028135, 0.5490322981176116, 0.8065361275377783], [0.24861732398244898, -0.7679223134984138, 0.5903259664346894]], "fy": 581.4086794264691, "fx": 592.3948274749496}, {"id": 93, "img_name": "0093", "width": 456, "height": 530, "position": [-2.8161931006064846, -1.299421747072113, 1.846759843212844], "rotation": [[0.11920342585709583, -0.5801916170002376, 0.8057097683574285], [0.24162286300647395, 0.8040511808598988, 0.5432495656973477], [-0.963020734634767, 0.12992069165630157, 0.23603321491489623]], "fy": 581.4086794264691, "fx": 592.3948274749496}, {"id": 94, "img_name": "0094", "width": 456, "height": 530, "position": [1.5149231150133435, -0.2292997300627382, -1.8197595691881654], "rotation": [[0.9999925650551728, 0.0022454523955124945, -0.0031349286938058395], [-0.0010157223441746542, 0.9376409379685355, 0.34760385462995674], [0.003719965388992797, -0.34759808599735426, 0.9376362474160651]], "fy": 581.4086794264691, "fx": 592.3948274749496}, {"id": 95, "img_name": "0095", "width": 456, "height": 530, "position": [-1.7982510286327646, 0.5054728726139848, -0.33387573238241536], "rotation": [[0.7392393685698172, -0.11152371632624479, 0.6641442739746244], [-0.07608088255419387, 0.9660489156505119, 0.24690320346290603], [-0.6691314185317206, -0.23304925073308752, 0.7056565676492169]], "fy": 581.4086794264691, "fx": 592.3948274749496}, {"id": 96, "img_name": "0096", "width": 456, "height": 530, "position": [0.7106396300257154, -2.3480013767041323, -0.0021334723481246844], "rotation": [[0.9748405037904456, 0.17994881548469557, 0.13154625032757486], [-0.21411432837954628, 0.5918670218841375, 0.7770768834475631], [0.061976177295520817, -0.7856919575836684, 0.615505565560684]], "fy": 581.4086794264691, "fx": 592.3948274749496}, {"id": 97, "img_name": "0097", "width": 456, "height": 530, "position": [-2.4780738547252232, -0.9969721582306714, 0.6718854771442841], "rotation": [[0.403475091072188, -0.5314544017310424, 0.7448248584499508], [0.2149302269842037, 0.8462967097668531, 0.48742884256711516], [-0.8893890309717162, -0.036580020755852614, 0.45568525724308123]], "fy": 581.4086794264691, "fx": 592.3948274749496}, {"id": 98, "img_name": "0098", "width": 456, "height": 530, "position": [-3.5031963235087327, 0.6660230103716188, 3.0715227474794724], "rotation": [[0.0022579038441176247, -0.20425854890114792, 0.9789143716745751], [0.08489896447361792, 0.97542168879681, 0.20333394909873367], [-0.9963870069915294, 0.0826497079582041, 0.019543747667361278]], "fy": 581.4086794264691, "fx": 592.3948274749496}, {"id": 99, "img_name": "0099", "width": 456, "height": 530, "position": [4.55482778281791, -0.5994468037956033, -0.5040898387865415], "rotation": [[0.6888336103785461, 0.42835161248074627, -0.5848274560056167], [-0.19457071131325873, 0.8863936602513118, 0.4200577547972832], [0.6983197659467398, -0.17555960569398218, 0.6939224231401259]], "fy": 581.4086794264691, "fx": 592.3948274749496}, {"id": 100, "img_name": "0100", "width": 456, "height": 530, "position": [0.8744353597919285, -0.2983017099396331, -1.7645652672200598], "rotation": [[0.9886704854785205, -0.09200279625914282, 0.11860082893540402], [0.043518487243887675, 0.9318890296154938, 0.3601235590048185], [-0.14365518581544454, -0.35088220525240665, 0.9253350018374631]], "fy": 581.4086794264691, "fx": 592.3948274749496}, {"id": 101, "img_name": "0101", "width": 456, "height": 530, "position": [4.790443770139156, 1.3932901616798241, -0.9609260285583912], "rotation": [[0.7619331723288084, 0.15769447269530804, -0.628164225490681], [-0.17167779339589095, 0.984385502822093, 0.03888337804785908], [0.624487450762364, 0.07821531253561337, 0.7771086080627857]], "fy": 581.4086794264691, "fx": 592.3948274749496}, {"id": 102, "img